0.00000	0.00000	-0.00002	0.00000	0.00000	0.00000	-0.00001	-0.00004	0.00001	0.00000	-0.00002	0.00003	0.00003
-0.00003	-0.00002	-0.00016	-0.00003	0.00002	0.00002	-0.00013	-0.00027	0.00006	0.00000	-0.00012	0.00023	0.00024
-0.00017	-0.00004	-0.00058	-0.00012	0.00010	0.00026	-0.00065	-0.00092	0.00024	0.00000	-0.00045	0.00080	0.00087
-0.00059	0.00002	-0.00146	-0.00032	0.00040	0.00097	-0.00206	-0.00204	0.00058	-0.00001	-0.00105	0.00178	0.00197
-0.00151	0.00026	-0.00299	-0.00062	0.00111	0.00226	-0.00489	-0.00345	0.00100	-0.00011	-0.00187	0.00304	0.00302
-0.00314	0.00087	-0.00541	-0.00110	0.00241	0.00404	-0.00956	-0.00491	0.00134	-0.00063	-0.00278	0.00430	0.00300
-0.00561	0.00213	-0.00901	-0.00185	0.00425	0.00586	-0.01637	-0.00640	0.00129	-0.00221	-0.00352	0.00517	0.00046
-0.00893	0.00445	-0.01409	-0.00298	0.00643	0.00692	-0.02532	-0.00823	0.00028	-0.00585	-0.00365	0.00508	-0.00640
-0.01296	0.00827	-0.02085	-0.00456	0.00860	0.00621	-0.03617	-0.01098	-0.00259	-0.01269	-0.00273	0.00342	-0.01961
-0.01745	0.01401	-0.02931	-0.00669	0.01034	0.00287	-0.04844	-0.01537	-0.00846	-0.02394	-0.00050	-0.00052	-0.04114
-0.02203	0.02195	-0.03945	-0.00944	0.01122	-0.00375	-0.06155	-0.02215	-0.01866	-0.04096	0.00301	-0.00760	-0.07279
-0.02628	0.03218	-0.05130	-0.01274	0.01082	-0.01388	-0.07478	-0.03210	-0.03447	-0.06525	0.00743	-0.01872	-0.11606
-0.02995	0.04465	-0.06502	-0.01648	0.00885	-0.02726	-0.08741	-0.04592	-0.05706	-0.09836	0.01202	-0.03487	-0.17220
-0.03284	0.05927	-0.08079	-0.02053	0.00515	-0.04326	-0.09887	-0.06426	-0.08737	-0.14192	0.01571	-0.05721	-0.24227
-0.03485	0.07591	-0.09870	-0.02479	-0.00021	-0.06107	-0.10875	-0.08790	-0.12600	-0.19751	0.01710	-0.08696	-0.32736
-0.03596	0.09443	-0.11866	-0.02929	-0.00690	-0.07964	-0.11685	-0.11766	-0.17324	-0.26648	0.01450	-0.12550	-0.42873
-0.03622	0.11465	-0.14038	-0.03415	-0.01437	-0.09778	-0.12317	-0.15425	-0.22902	-0.34980	0.00621	-0.17441	-0.54763
-0.03568	0.13636	-0.16339	-0.03949	-0.02196	-0.11431	-0.12792	-0.19805	-0.29290	-0.44780	-0.00933	-0.23527	-0.68488
-0.03429	0.15927	-0.18711	-0.04535	-0.02898	-0.12821	-0.13139	-0.24900	-0.36408	-0.56013	-0.03339	-0.30925	-0.84052
-0.03192	0.18302	-0.21084	-0.05170	-0.03470	-0.13864	-0.13387	-0.30663	-0.44153	-0.68591	-0.06683	-0.39693	-1.01388
-0.02845	0.20713	-0.23391	-0.05842	-0.03848	-0.14490	-0.13562	-0.37022	-0.52413	-0.82387	-0.11013	-0.49826	-1.20379
-0.02384	0.23104	-0.25567	-0.06541	-0.03987	-0.14650	-0.13694	-0.43881	-0.61066	-0.97230	-0.16338	-0.61266	-1.40863
-0.01808	0.25424	-0.27559	-0.07254	-0.03865	-0.14329	-0.13815	-0.51123	-0.69971	-1.12909	-0.22634	-0.73899	-1.62641
-0.01119	0.27626	-0.29324	-0.07965	-0.03475	-0.13549	-0.13943	-0.58634	-0.78973	-1.29185	-0.29852	-0.87543	-1.85473
-0.00328	0.29667	-0.30828	-0.08666	-0.02824	-0.12361	-0.14087	-0.66309	-0.87917	-1.45802	-0.37936	-1.01964	-2.09084
0.00547	0.31509	-0.32042	-0.09356	-0.01924	-0.10851	-0.14244	-0.74043	-0.96655	-1.62492	-0.46819	-1.16896	-2.33197
0.01498	0.33118	-0.32946	-0.10031	-0.00780	-0.09136	-0.14400	-0.81700	-1.05056	-1.78985	-0.56419	-1.32060	-2.57536
0.02515	0.34468	-0.33532	-0.10680	0.00603	-0.07350	-0.14532	-0.89113	-1.13006	-1.95034	-0.66621	-1.47171	-2.81804
0.03590	0.35544	-0.33809	-0.11283	0.02222	-0.05624	-0.14625	-0.96103	-1.20412	-2.10440	-0.77265	-1.61961	-3.05679
0.04708	0.36343	-0.33808	-0.11822	0.04054	-0.04064	-0.14664	-1.02514	-1.27198	-2.25051	-0.88164	-1.76191	-3.28838
0.05848	0.36877	-0.33571	-0.12285	0.06049	-0.02739	-0.14651	-1.08225	-1.33300	-2.38739	-0.99121	-1.89650	-3.50982
0.06998	0.37178	-0.33143	-0.12670	0.08130	-0.01688	-0.14598	-1.13155	-1.38672	-2.51404	-1.09945	-2.02158	-3.71853
0.08156	0.37297	-0.32578	-0.12975	0.10202	-0.00926	-0.14515	-1.17270	-1.43282	-2.62973	-1.20441	-2.13569	-3.91218
0.09320	0.37290	-0.31940	-0.13189	0.12165	-0.00444	-0.14408	-1.20571	-1.47114	-2.73408	-1.30423	-2.23770	-4.08868
0.10474	0.37218	-0.31287	-0.13298	0.13933	-0.00225	-0.14269	-1.23079	-1.50179	-2.82692	-1.39713	-2.32711	-4.24631
0.11591	0.37141	-0.30670	-0.13295	0.15435	-0.00268	-0.14089	-1.24840	-1.52510	-2.90818	-1.48161	-2.40393	-4.38400
0.12636	0.37109	-0.30126	-0.13184	0.16606	-0.00568	-0.13864	-1.25932	-1.54156	-2.97791	-1.55647	-2.46857	-4.50140
0.13578	0.37154	-0.29684	-0.12976	0.17403	-0.01094	-0.13596	-1.26450	-1.55161	-3.03646	-1.62065	-2.52160	-4.59881
0.14388	0.37282	-0.29364	-0.12688	0.17801	-0.01778	-0.13294	-1.26505	-1.55578	-3.08441	-1.67330	-2.56362	-4.67692
0.15037	0.37486	-0.29167	-0.12341	0.17798	-0.02532	-0.12970	-1.26214	-1.55475	-3.12221	-1.71398	-2.59518	-4.73670
0.15501	0.37760	-0.29070	-0.11962	0.17415	-0.03261	-0.12636	-1.25699	-1.54931	-3.15019	-1.74260	-2.61691	-4.77937
0.15771	0.38099	-0.29047	-0.11581	0.16697	-0.03877	-0.12307	-1.25077	-1.54037	-3.16880	-1.75951	-2.62961	-4.80624
0.15848	0.38500	-0.29080	-0.11214	0.15706	-0.04306	-0.11999	-1.24444	-1.52889	-3.17868	-1.76546	-2.63433	-4.81858
0.15736	0.38952	-0.29154	-0.10857	0.14520	-0.04499	-0.11733	-1.23856	-1.51597	-3.18061	-1.76158	-2.63234	-4.81763
0.15444	0.39432	-0.29254	-0.10483	0.13230	-0.04444	-0.11523	-1.23324	-1.50281	-3.17551	-1.74921	-2.62504	-4.80473
0.14990	0.39909	-0.29352	-0.10064	0.11942	-0.04170	-0.11381	-1.22829	-1.49061	-3.16439	-1.73002	-2.61374	-4.78138
0.14398	0.40349	-0.29416	-0.09585	0.10763	-0.03729	-0.11321	-1.22346	-1.48040	-3.14834	-1.70599	-2.59965	-4.74936
0.13696	0.40724	-0.29416	-0.09046	0.09784	-0.03193	-0.11347	-1.21854	-1.47305	-3.12841	-1.67919	-2.58377	-4.71073
0.12913	0.41011	-0.29333	-0.08462	0.09056	-0.02650	-0.11441	-1.21348	-1.46918	-3.10546	-1.65144	-2.56684	-4.66770
0.12083	0.41187	-0.29153	-0.07856	0.08587	-0.02185	-0.11574	-1.20834	-1.46909	-3.08013	-1.62418	-2.54942	-4.62230
0.11227	0.41233	-0.28869	-0.07256	0.08351	-0.01869	-0.11711	-1.20330	-1.47266	-3.05290	-1.59847	-2.53187	-4.57627
0.10356	0.41129	-0.28470	-0.06685	0.08303	-0.01743	-0.11820	-1.19864	-1.47931	-3.02410	-1.57519	-2.51433	-4.53088
0.09478	0.40871	-0.27942	-0.06158	0.08395	-0.01823	-0.11872	-1.19475	-1.48812	-2.99401	-1.55489	-2.49677	-4.48701
0.08611	0.40472	-0.27271	-0.05675	0.08581	-0.02111	-0.11842	-1.19207	-1.49794	-2.96305	-1.53770	-2.47898	-4.44523
0.07783	0.39956	-0.26457	-0.05216	0.08831	-0.02592	-0.11706	-1.19115	-1.50761	-2.93181	-1.52335	-2.46063	-4.40596
0.07019	0.39358	-0.25510	-0.04741	0.09130	-0.03201	-0.11451	-1.19243	-1.51613	-2.90097	-1.51131	-2.44157	-4.36963
0.06341	0.38721	-0.24450	-0.04197	0.09489	-0.03838	-0.11075	-1.19621	-1.52276	-2.87124	-1.50110	-2.42199	-4.33675
0.05766	0.38091	-0.23320	-0.03518	0.09940	-0.04395	-0.10592	-1.20255	-1.52696	-2.84328	-1.49223	-2.40233	-4.30780
0.05311	0.37520	-0.22173	-0.02645	0.10521	-0.04771	-0.10025	-1.21119	-1.52820	-2.81786	-1.48416	-2.38315	-4.28317
0.04998	0.37051	-0.21067	-0.01539	0.11267	-0.04887	-0.09404	-1.22150	-1.52609	-2.79589	-1.47636	-2.36512	-4.26292
0.04836	0.36720	-0.20061	-0.00200	0.12184	-0.04677	-0.08761	-1.23268	-1.52056	-2.77824	-1.46855	-2.34898	-4.24683
0.04820	0.36560	-0.19210	0.01332	0.13250	-0.04095	-0.08140	-1.24390	-1.51181	-2.76560	-1.46094	-2.33561	-4.23457
0.04940	0.36595	-0.18578	0.02991	0.14411	-0.03135	-0.07591	-1.25436	-1.50024	-2.75854	-1.45401	-2.32595	-4.22601
0.05187	0.36832	-0.18234	0.04693	0.15593	-0.01824	-0.07167	-1.26355	-1.48627	-2.75739	-1.44836	-2.32087	-4.22134
0.05551	0.37258	-0.18234	0.06351	0.16713	-0.00211	-0.06915	-1.27124	-1.47032	-2.76211	-1.44457	-2.32098	-4.22096
0.06010	0.37840	-0.18595	0.07880	0.17704	0.01645	-0.06872	-1.27738	-1.45294	-2.77216	-1.44310	-2.32666	-4.22549
0.06537	0.38530	-0.19298	0.09216	0.18529	0.03670	-0.07054	-1.28190	-1.43483	-2.78654	-1.44432	-2.33790	-4.23564
0.07096	0.39268	-0.20294	0.10315	0.19181	0.05771	-0.07462	-1.28453	-1.41682	-2.80415	-1.44852	-2.35446	-4.25198
0.07652	0.39990	-0.21525	0.11150	0.19676	0.07844	-0.08086	-1.28497	-1.39975	-2.82418	-1.45568	-2.37604	-4.27476
0.08157	0.40641	-0.22937	0.11709	0.20041	0.09792	-0.08897	-1.28319	-1.38444	-2.84611	-1.46543	-2.40234	-4.30387
0.08555	0.41183	-0.24477	0.11988	0.20319	0.11542	-0.09853	-1.27939	-1.37163	-2.86953	-1.47712	-2.43294	-4.33896
0.08788	0.41598	-0.26091	0.11985	0.20565	0.13030	-0.10904	-1.27391	-1.36182	-2.89413	-1.49009	-2.46728	-4.37953
0.08815	0.41886	-0.27720	0.11699	0.20839	0.14198	-0.11989	-1.26714	-1.35525	-2.91957	-1.50382	-2.50472	-4.42490
0.08611	0.42049	-0.29306	0.11140	0.21183	0.15014	-0.13045	-1.25925	-1.35177	-2.94547	-1.51796	-2.54463	-4.47415
0.08163	0.42094	-0.30789	0.10332	0.21627	0.15462	-0.14008	-1.25021	-1.35105	-2.97137	-1.53218	-2.58647	-4.52609
0.07483	0.42027	-0.32124	0.09305	0.22181	0.15525	-0.14813	-1.24002	-1.35262	-2.99673	-1.54614	-2.62977	-4.57947
0.06597	0.41865	-0.33269	0.08086	0.22849	0.15201	-0.15404	-1.22886	-1.35607	-3.02099	-1.55962	-2.67401	-4.63307
0.05548	0.41624	-0.34192	0.06691	0.23634	0.14509	-0.15743	-1.21693	-1.36112	-3.04372	-1.57267	-2.71862	-4.68587
0.04393	0.41321	-0.34867	0.05131	0.24534	0.13485	-0.15817	-1.20438	-1.36760	-3.06455	-1.58558	-2.76298	-4.73707
0.03189	0.40966	-0.35279	0.03424	0.25531	0.12162	-0.15629	-1.19119	-1.37537	-3.08313	-1.59871	-2.80657	-4.78608
0.01999	0.40565	-0.35424	0.01597	0.26589	0.10556	-0.15200	-1.17713	-1.38429	-3.09933	-1.61240	-2.84906	-4.83264
0.00878	0.40120	-0.35304	-0.00317	0.27663	0.08661	-0.14560	-1.16190	-1.39414	-3.11335	-1.62698	-2.89040	-4.87692
-0.00136	0.39633	-0.34924	-0.02281	0.28706	0.06484	-0.13753	-1.14506	-1.40462	-3.12555	-1.64286	-2.93080	-4.91930
-0.01018	0.39108	-0.34294	-0.04250	0.29674	0.04052	-0.12828	-1.12595	-1.41536	-3.13624	-1.66027	-2.97064	-4.96025
-0.01751	0.38549	-0.33429	-0.06169	0.30537	0.01403	-0.11828	-1.10392	-1.42598	-3.14568	-1.67910	-3.01023	-5.00023
-0.02326	0.37964	-0.32347	-0.07985	0.31283	-0.01416	-0.10790	-1.07846	-1.43620	-3.15405	-1.69898	-3.04970	-5.03944
-0.02743	0.37367	-0.31059	-0.09649	0.31921	-0.04351	-0.09747	-1.04942	-1.44575	-3.16141	-1.71965	-3.08905	-5.07790
-0.03010	0.36781	-0.29573	-0.11119	0.32474	-0.07326	-0.08736	-1.01708	-1.45437	-3.16775	-1.74109	-3.12819	-5.11555
-0.03140	0.36245	-0.27903	-0.12347	0.32974	-0.10251	-0.07787	-0.98205	-1.46156	-3.17310	-1.76341	-3.16689	-5.15230
-0.03141	0.35801	-0.26079	-0.13284	0.33455	-0.13036	-0.06925	-0.94517	-1.46668	-3.17765	-1.78660	-3.20483	-5.18782
-0.03024	0.35475	-0.24149	-0.13875	0.33950	-0.15616	-0.06159	-0.90754	-1.46898	-3.18170	-1.81031	-3.24156	-5.22157
-0.02814	0.35267	-0.22173	-0.14072	0.34486	-0.17930	-0.05486	-0.87046	-1.46773	-3.18535	-1.83394	-3.27646	-5.25302
-0.02546	0.35160	-0.20207	-0.13842	0.35094	-0.19920	-0.04898	-0.83519	-1.46232	-3.18842	-1.85670	-3.30894	-5.28171
-0.02258	0.35124	-0.18296	-0.13182	0.35805	-0.21545	-0.04387	-0.80284	-1.45229	-3.19067	-1.87778	-3.33840	-5.30730
-0.01973	0.35133	-0.16470	-0.12109	0.36641	-0.22779	-0.03950	-0.77423	-1.43726	-3.19186	-1.89647	-3.36424	-5.32943
-0.01702	0.35159	-0.14734	-0.10662	0.37614	-0.23602	-0.03587	-0.74983	-1.41702	-3.19167	-1.91223	-3.38591	-5.34765
-0.01443	0.35173	-0.13069	-0.08893	0.38725	-0.23998	-0.03295	-0.72976	-1.39162	-3.18977	-1.92470	-3.40296	-5.36152
-0.01188	0.35142	-0.11448	-0.06868	0.39967	-0.23981	-0.03068	-0.71395	-1.36138	-3.18576	-1.93375	-3.41505	-5.37074
-0.00922	0.35029	-0.09833	-0.04667	0.41321	-0.23598	-0.02898	-0.70213	-1.32671	-3.17931	-1.93947	-3.42181	-5.37515
-0.00638	0.34799	-0.08192	-0.02380	0.42769	-0.22924	-0.02768	-0.69378	-1.28814	-3.17030	-1.94205	-3.42299	-5.37454
-0.00333	0.34419	-0.06500	-0.00106	0.44280	-0.22035	-0.02660	-0.68818	-1.24637	-3.15869	-1.94179	-3.41850	-5.36841
-0.00011	0.33871	-0.04747	0.02059	0.45823	-0.21003	-0.02558	-0.68462	-1.20243	-3.14445	-1.93909	-3.40858	-5.35610
0.00328	0.33158	-0.02939	0.04025	0.47371	-0.19911	-0.02454	-0.68249	-1.15765	-3.12764	-1.93438	-3.39373	-5.33727
0.00679	0.32310	-0.01110	0.05719	0.48914	-0.18852	-0.02346	-0.68145	-1.11353	-3.10843	-1.92821	-3.37463	-5.31201
0.01036	0.31378	0.00694	0.07076	0.50454	-0.17912	-0.02241	-0.68138	-1.07153	-3.08706	-1.92120	-3.35197	-5.28058
0.01393	0.30432	0.02423	0.08063	0.52013	-0.17155	-0.02146	-0.68221	-1.03299	-3.06375	-1.91382	-3.32627	-5.24331
0.01746	0.29551	0.04040	0.08678	0.53630	-0.16615	-0.02056	-0.68369	-0.99894	-3.03872	-1.90632	-3.29772	-5.20050
0.02087	0.28809	0.05527	0.08945	0.55361	-0.16289	-0.01958	-0.68542	-0.97000	-3.01217	-1.89876	-3.26636	-5.15252
0.02400	0.28261	0.06888	0.08902	0.57265	-0.16128	-0.01841	-0.68680	-0.94622	-2.98430	-1.89110	-3.23223	-5.09992
0.02672	0.27931	0.08141	0.08603	0.59401	-0.16038	-0.01691	-0.68714	-0.92719	-2.95525	-1.88317	-3.19539	-5.04340
0.02899	0.27822	0.09322	0.08111	0.61819	-0.15890	-0.01492	-0.68563	-0.91209	-2.92497	-1.87463	-3.15586	-4.98363
0.03098	0.27923	0.10474	0.07492	0.64563	-0.15548	-0.01221	-0.68144	-0.90001	-2.89333	-1.86508	-3.11371	-4.92128
0.03300	0.28218	0.11653	0.06806	0.67671	-0.14897	-0.00858	-0.67394	-0.88999	-2.86016	-1.85425	-3.06914	-4.85702
0.03537	0.28693	0.12928	0.06115	0.71177	-0.13842	-0.00392	-0.66266	-0.88124	-2.82522	-1.84220	-3.02259	-4.79153
0.03842	0.29342	0.14386	0.05485	0.75105	-0.12321	0.00173	-0.64732	-0.87319	-2.78833	-1.82915	-2.97478	-4.72535
0.04247	0.30165	0.16124	0.04990	0.79465	-0.10309	0.00840	-0.62800	-0.86554	-2.74932	-1.81529	-2.92647	-4.65867
0.04781	0.31179	0.18240	0.04688	0.84259	-0.07780	0.01617	-0.60525	-0.85802	-2.70801	-1.80068	-2.87823	-4.59127
0.05469	0.32413	0.20829	0.04616	0.89490	-0.04682	0.02517	-0.57998	-0.85043	-2.66439	-1.78544	-2.83036	-4.52268
0.06340	0.33903	0.23972	0.04798	0.95170	-0.00921	0.03550	-0.55330	-0.84254	-2.61861	-1.76985	-2.78288	-4.45237
0.07426	0.35700	0.27725	0.05246	1.01307	0.03628	0.04719	-0.52626	-0.83407	-2.57089	-1.75428	-2.73563	-4.37993
0.08776	0.37859	0.32116	0.05982	1.07918	0.09096	0.06019	-0.49959	-0.82479	-2.52159	-1.73887	-2.68833	-4.30498
0.10435	0.40431	0.37149	0.07030	1.15032	0.15591	0.07449	-0.47373	-0.81469	-2.47121	-1.72353	-2.64066	-4.22723
0.12442	0.43463	0.42816	0.08421	1.22681	0.23185	0.09011	-0.44882	-0.80399	-2.42024	-1.70813	-2.59234	-4.14648
0.14820	0.46990	0.49107	0.10189	1.30908	0.31917	0.10711	-0.42472	-0.79309	-2.36915	-1.69258	-2.54332	-4.06284
0.17594	0.51028	0.56006	0.12371	1.39769	0.41788	0.12559	-0.40114	-0.78246	-2.31839	-1.67678	-2.49382	-3.97668
0.20778	0.55569	0.63495	0.15005	1.49333	0.52771	0.14553	-0.37782	-0.77259	-2.26828	-1.66061	-2.44425	-3.88841
0.24375	0.60569	0.71560	0.18113	1.59666	0.64822	0.16673	-0.35469	-0.76389	-2.21897	-1.64393	-2.39530	-3.79850
0.28380	0.65959	0.80183	0.21706	1.70821	0.77904	0.18887	-0.33191	-0.75664	-2.17041	-1.62662	-2.34784	-3.70750
0.32783	0.71658	0.89346	0.25780	1.82838	0.91989	0.21160	-0.30986	-0.75085	-2.12248	-1.60862	-2.30274	-3.61604
0.37561	0.77593	0.99027	0.30315	1.95737	1.07044	0.23451	-0.28912	-0.74627	-2.07509	-1.58990	-2.26074	-3.52465
0.42671	0.83702	1.09196	0.35290	2.09519	1.23006	0.25722	-0.27041	-0.74247	-2.02820	-1.57041	-2.22225	-3.43377
0.48041	0.89935	1.19822	0.40683	2.24161	1.39794	0.27946	-0.25442	-0.73898	-1.98167	-1.54997	-2.18721	-3.34380
0.53591	0.96254	1.30877	0.46466	2.39623	1.57318	0.30110	-0.24159	-0.73538	-1.93508	-1.52831	-2.15510	-3.25518
0.59242	1.02626	1.42339	0.52594	2.55854	1.75477	0.32219	-0.23215	-0.73125	-1.88796	-1.50512	-2.12508	-3.16837
0.64934	1.09019	1.54170	0.59002	2.72793	1.94156	0.34288	-0.22620	-0.72610	-1.83991	-1.48033	-2.09605	-3.08375
0.70623	1.15402	1.66311	0.65614	2.90377	2.13243	0.36343	-0.22372	-0.71950	-1.79064	-1.45403	-2.06698	-3.00147
0.76287	1.21745	1.78690	0.72360	3.08547	2.32623	0.38421	-0.22454	-0.71115	-1.74000	-1.42631	-2.03718	-2.92157
0.81924	1.28027	1.91227	0.79171	3.27241	2.52165	0.40558	-0.22837	-0.70101	-1.68784	-1.39720	-2.00637	-2.84410
0.87542	1.34234	2.03849	0.85975	3.46383	2.71713	0.42773	-0.23484	-0.68923	-1.63414	-1.36667	-1.97467	-2.76929
0.93151	1.40355	2.16480	0.92693	3.65879	2.91093	0.45060	-0.24352	-0.67615	-1.57919	-1.33482	-1.94241	-2.69753
0.98741	1.46376	2.29029	0.99247	3.85603	3.10125	0.47389	-0.25379	-0.66212	-1.52356	-1.30189	-1.91000	-2.62915
1.04287	1.52282	2.41393	1.05557	4.05405	3.28637	0.49715	-0.26475	-0.64752	-1.46806	-1.26828	-1.87777	-2.56443
1.09760	1.58046	2.53456	1.11556	4.25114	3.46465	0.51998	-0.27518	-0.63278	-1.41368	-1.23442	-1.84603	-2.50353
1.15130	1.63635	2.65098	1.17185	4.44537	3.63447	0.54198	-0.28387	-0.61845	-1.36134	-1.20086	-1.81521	-2.44653
1.20370	1.69012	2.76207	1.22390	4.63459	3.79437	0.56269	-0.28977	-0.60512	-1.31172	-1.16842	-1.78596	-2.39343
1.25457	1.74137	2.86677	1.27131	4.81642	3.94325	0.58159	-0.29207	-0.59335	-1.26525	-1.13806	-1.75902	-2.34415
1.30368	1.78977	2.96413	1.31381	4.98841	4.08034	0.59833	-0.29026	-0.58347	-1.22236	-1.11059	-1.73502	-2.29853
1.35069	1.83498	3.05329	1.35125	5.14811	4.20498	0.61274	-0.28414	-0.57565	-1.18363	-1.08654	-1.71447	-2.25642
1.39499	1.87659	3.13351	1.38356	5.29322	4.31639	0.62483	-0.27386	-0.57002	-1.14970	-1.06618	-1.69778	-2.21787
1.43588	1.91411	3.20426	1.41063	5.42161	4.41372	0.63477	-0.25984	-0.56672	-1.12095	-1.04963	-1.68526	-2.18318
1.47263	1.94694	3.26523	1.43230	5.53149	4.49618	0.64279	-0.24252	-0.56588	-1.09747	-1.03703	-1.67701	-2.15272
1.50469	1.97433	3.31622	1.44832	5.62152	4.56306	0.64917	-0.22231	-0.56750	-1.07919	-1.02840	-1.67284	-2.12670
1.53165	1.99552	3.35706	1.45848	5.69088	4.61385	0.65424	-0.19955	-0.57142	-1.06584	-1.02361	-1.67217	-2.10509
1.55317	2.00973	3.38769	1.46262	5.73928	4.64842	0.65832	-0.17448	-0.57740	-1.05688	-1.02235	-1.67412	-2.08764
1.56906	2.01638	3.40818	1.46079	5.76676	4.66688	0.66165	-0.14737	-0.58529	-1.05150	-1.02421	-1.67780	-2.07400
1.57928	2.01513	3.41861	1.45315	5.77358	4.66931	0.66441	-0.11870	-0.59500	-1.04884	-1.02869	-1.68243	-2.06374
1.58380	2.00588	3.41911	1.43994	5.76015	4.65572	0.66674	-0.08926	-0.60629	-1.04810	-1.03506	-1.68727	-2.05627
1.58251	1.98881	3.40989	1.42144	5.72701	4.62608	0.66873	-0.06001	-0.61866	-1.04865	-1.04241	-1.69171	-2.05084
1.57535	1.96426	3.39130	1.39797	5.67489	4.58053	0.67041	-0.03188	-0.63134	-1.04995	-1.04984	-1.69521	-2.04662
1.56246	1.93281	3.36388	1.36987	5.60468	4.51953	0.67170	-0.00565	-0.64330	-1.05140	-1.05666	-1.69723	-2.04297
1.54426	1.89518	3.32827	1.33758	5.51746	4.44386	0.67234	0.01814	-0.65343	-1.05244	-1.06235	-1.69722	-2.03950
1.52131	1.85219	3.28503	1.30175	5.41446	4.35446	0.67200	0.03913	-0.66069	-1.05246	-1.06647	-1.69479	-2.03597
1.49416	1.80472	3.23471	1.26324	5.29706	4.25250	0.67027	0.05697	-0.66423	-1.05074	-1.06878	-1.68979	-2.03220
1.46336	1.75368	3.17793	1.22291	5.16672	4.13936	0.66679	0.07132	-0.66359	-1.04662	-1.06916	-1.68237	-2.02812
1.42942	1.69992	3.11549	1.18156	5.02505	4.01652	0.66133	0.08183	-0.65859	-1.03965	-1.06766	-1.67272	-2.02394
1.39279	1.64410	3.04831	1.13972	4.87379	3.88549	0.65370	0.08830	-0.64933	-1.02963	-1.06450	-1.66097	-2.01997
1.35388	1.58666	2.97730	1.09777	4.71474	3.74778	0.64370	0.09087	-0.63610	-1.01653	-1.05992	-1.64744	-2.01649
1.31316	1.52792	2.90320	1.05600	4.54985	3.60486	0.63124	0.09001	-0.61930	-1.00043	-1.05409	-1.63255	-2.01367
1.27113	1.46817	2.82660	1.01473	4.38109	3.45822	0.61638	0.08648	-0.59942	-0.98163	-1.04703	-1.61666	-2.01154
1.22829	1.40776	2.74803	0.97428	4.21046	3.30933	0.59929	0.08120	-0.57689	-0.96062	-1.03875	-1.60002	-2.00997
1.18510	1.34711	2.66789	0.93500	4.03989	3.15958	0.58028	0.07520	-0.55213	-0.93805	-1.02935	-1.58280	-2.00874
1.14201	1.28674	2.58650	0.89731	3.87115	3.01040	0.55979	0.06955	-0.52562	-0.91462	-1.01902	-1.56518	-2.00739
1.09943	1.22718	2.50417	0.86163	3.70591	2.86335	0.53828	0.06523	-0.49800	-0.89108	-1.00786	-1.54737	-2.00534
1.05770	1.16892	2.42123	0.82823	3.54562	2.71995	0.51628	0.06296	-0.47003	-0.86819	-0.99579	-1.52952	-2.00197
1.01702	1.11229	2.33806	0.79714	3.39143	2.58164	0.49430	0.06311	-0.44248	-0.84653	-0.98266	-1.51168	-1.99687
0.97749	1.05746	2.25501	0.76814	3.24419	2.44976	0.47277	0.06570	-0.41613	-0.82649	-0.96843	-1.49387	-1.98973
0.93923	1.00448	2.17238	0.74091	3.10435	2.32545	0.45202	0.07051	-0.39157	-0.80831	-0.95333	-1.47621	-1.98026
0.90237	0.95337	2.09048	0.71516	2.97196	2.20938	0.43229	0.07711	-0.36912	-0.79203	-0.93761	-1.45881	-1.96821
0.86702	0.90419	2.00966	0.69059	2.84670	2.10166	0.41375	0.08488	-0.34887	-0.77753	-0.92133	-1.44171	-1.95346
0.83322	0.85693	1.93032	0.66692	2.72802	2.00190	0.39647	0.09310	-0.33084	-0.76440	-0.90443	-1.42482	-1.93600
0.80097	0.81153	1.85283	0.64387	2.61516	1.90948	0.38043	0.10086	-0.31493	-0.75197	-0.88679	-1.40798	-1.91588
0.77032	0.76807	1.77755	0.62120	2.50731	1.82385	0.36559	0.10731	-0.30093	-0.73963	-0.86832	-1.39105	-1.89328
0.74132	0.72674	1.70469	0.59879	2.40375	1.74445	0.35196	0.11181	-0.28861	-0.72720	-0.84879	-1.37402	-1.86850
0.71389	0.68782	1.63429	0.57672	2.30392	1.67069	0.33960	0.11402	-0.27780	-0.71481	-0.82793	-1.35691	-1.84191
0.68784	0.65158	1.56634	0.55511	2.20734	1.60196	0.32847	0.11405	-0.26849	-0.70263	-0.80559	-1.33979	-1.81384
0.66297	0.61827	1.50083	0.53410	2.11358	1.53775	0.31842	0.11252	-0.26067	-0.69072	-0.78179	-1.32268	-1.78450
0.63908	0.58816	1.43778	0.51385	2.02231	1.47766	0.30922	0.11034	-0.25422	-0.67912	-0.75670	-1.30543	-1.75388
0.61594	0.56149	1.37724	0.49455	1.93333	1.42119	0.30067	0.10847	-0.24894	-0.66789	-0.73048	-1.28783	-1.72180
0.59322	0.53837	1.31924	0.47651	1.84657	1.36768	0.29258	0.10764	-0.24472	-0.65720	-0.70323	-1.26983	-1.68806
0.57060	0.51859	1.26384	0.46002	1.76200	1.31652	0.28487	0.10823	-0.24157	-0.64719	-0.67510	-1.25159	-1.65275
0.54785	0.50172	1.21121	0.44527	1.67967	1.26737	0.27746	0.11026	-0.23948	-0.63796	-0.64639	-1.23333	-1.61628
0.52489	0.48707	1.16155	0.43221	1.59966	1.22009	0.27023	0.11351	-0.23834	-0.62957	-0.61765	-1.21527	-1.57926
0.50169	0.47379	1.11502	0.42058	1.52210	1.17456	0.26300	0.11773	-0.23804	-0.62192	-0.58963	-1.19750	-1.54238
0.47829	0.46095	1.07175	0.41005	1.44707	1.13070	0.25551	0.12280	-0.23845	-0.61465	-0.56314	-1.17993	-1.50626
0.45481	0.44768	1.03184	0.40034	1.37465	1.08836	0.24756	0.12867	-0.23960	-0.60727	-0.53896	-1.16243	-1.47149
0.43141	0.43323	0.99533	0.39127	1.30494	1.04728	0.23898	0.13507	-0.24165	-0.59928	-0.51780	-1.14478	-1.43871
0.40827	0.41703	0.96214	0.38270	1.23806	1.00720	0.22967	0.14146	-0.24486	-0.59032	-0.50025	-1.12671	-1.40853
0.38564	0.39869	0.93197	0.37445	1.17419	0.96800	0.21962	0.14720	-0.24946	-0.58017	-0.48668	-1.10796	-1.38132
0.36391	0.37796	0.90425	0.36636	1.11350	0.92969	0.20897	0.15179	-0.25552	-0.56881	-0.47717	-1.08831	-1.35716
0.34349	0.35467	0.87835	0.35834	1.05604	0.89239	0.19794	0.15486	-0.26285	-0.55629	-0.47154	-1.06762	-1.33595
0.32478	0.32879	0.85367	0.35041	1.00177	0.85619	0.18672	0.15611	-0.27103	-0.54274	-0.46938	-1.04591	-1.31754
0.30808	0.30044	0.82969	0.34275	0.95062	0.82113	0.17546	0.15526	-0.27965	-0.52813	-0.47014	-1.02337	-1.30168
0.29356	0.27003	0.80596	0.33555	0.90243	0.78718	0.16430	0.15211	-0.28837	-0.51215	-0.47313	-1.00029	-1.28787
0.28138	0.23820	0.78219	0.32906	0.85694	0.75441	0.15344	0.14663	-0.29689	-0.49443	-0.47739	-0.97706	-1.27547
0.27167	0.20587	0.75831	0.32356	0.81384	0.72292	0.14324	0.13900	-0.30491	-0.47487	-0.48170	-0.95406	-1.26382
0.26448	0.17401	0.73449	0.31921	0.77281	0.69281	0.13405	0.12956	-0.31204	-0.45362	-0.48489	-0.93165	-1.25237
0.25972	0.14343	0.71111	0.31592	0.73362	0.66417	0.12609	0.11871	-0.31785	-0.43101	-0.48618	-0.91023	-1.24084
0.25717	0.11471	0.68853	0.31344	0.69609	0.63714	0.11944	0.10689	-0.32189	-0.40744	-0.48522	-0.89019	-1.22923
0.25651	0.08827	0.66699	0.31150	0.66013	0.61204	0.11405	0.09443	-0.32369	-0.38346	-0.48198	-0.87174	-1.21756
0.25737	0.06453	0.64662	0.30990	0.62575	0.58922	0.10970	0.08165	-0.32289	-0.35972	-0.47671	-0.85488	-1.20574
0.25945	0.04389	0.62745	0.30851	0.59305	0.56888	0.10611	0.06881	-0.31933	-0.33694	-0.46981	-0.83943	-1.19365
0.26242	0.02671	0.60947	0.30717	0.56218	0.55109	0.10300	0.05618	-0.31306	-0.31576	-0.46172	-0.82524	-1.18111
0.26599	0.01319	0.59265	0.30563	0.53320	0.53587	0.10009	0.04397	-0.30438	-0.29673	-0.45277	-0.81227	-1.16781
0.26980	0.00330	0.57693	0.30361	0.50606	0.52311	0.09721	0.03222	-0.29371	-0.28035	-0.44304	-0.80056	-1.15330
0.27337	-0.00320	0.56222	0.30082	0.48058	0.51272	0.09430	0.02090	-0.28153	-0.26703	-0.43247	-0.78996	-1.13720
0.27611	-0.00676	0.54839	0.29708	0.45650	0.50461	0.09144	0.01005	-0.26844	-0.25709	-0.42110	-0.78021	-1.11936
0.27752	-0.00794	0.53525	0.29234	0.43355	0.49867	0.08870	-0.00022	-0.25504	-0.25067	-0.40908	-0.77100	-1.10000
0.27721	-0.00733	0.52263	0.28665	0.41142	0.49466	0.08611	-0.00980	-0.24190	-0.24772	-0.39656	-0.76208	-1.07959
0.27489	-0.00551	0.51042	0.28013	0.38990	0.49212	0.08362	-0.01860	-0.22954	-0.24796	-0.38344	-0.75322	-1.05872
0.27041	-0.00317	0.49857	0.27294	0.36899	0.49032	0.08118	-0.02658	-0.21850	-0.25085	-0.36933	-0.74425	-1.03784
0.26372	-0.00104	0.48712	0.26521	0.34888	0.48834	0.07880	-0.03380	-0.20922	-0.25550	-0.35378	-0.73497	-1.01721
0.25491	0.00019	0.47620	0.25709	0.32984	0.48531	0.07654	-0.04037	-0.20192	-0.26087	-0.33643	-0.72522	-0.99705
0.24420	0.00006	0.46591	0.24875	0.31214	0.48050	0.07448	-0.04646	-0.19667	-0.26611	-0.31694	-0.71483	-0.97767
0.23188	-0.00160	0.45620	0.24043	0.29599	0.47342	0.07269	-0.05225	-0.19341	-0.27049	-0.29499	-0.70359	-0.95945
0.21831	-0.00476	0.44688	0.23242	0.28140	0.46397	0.07112	-0.05780	-0.19216	-0.27336	-0.27025	-0.69144	-0.94251
0.20388	-0.00921	0.43764	0.22500	0.26818	0.45253	0.06967	-0.06287	-0.19293	-0.27419	-0.24255	-0.67851	-0.92667
0.18896	-0.01459	0.42818	0.21842	0.25588	0.43988	0.06825	-0.06716	-0.19564	-0.27257	-0.21208	-0.66499	-0.91141
0.17387	-0.02046	0.41826	0.21283	0.24398	0.42695	0.06674	-0.07043	-0.19998	-0.26823	-0.17931	-0.65109	-0.89601
0.15898	-0.02631	0.40776	0.20839	0.23196	0.41456	0.06509	-0.07255	-0.20542	-0.26098	-0.14472	-0.63700	-0.87967
0.14477	-0.03170	0.39669	0.20526	0.21944	0.40336	0.06336	-0.07340	-0.21126	-0.25056	-0.10865	-0.62291	-0.86176
0.13181	-0.03630	0.38520	0.20351	0.20620	0.39400	0.06171	-0.07282	-0.21670	-0.23669	-0.07138	-0.60903	-0.84190
0.12070	-0.04011	0.37351	0.20301	0.19219	0.38705	0.06030	-0.07068	-0.22106	-0.21928	-0.03331	-0.59569	-0.82007
0.11199	-0.04338	0.36175	0.20347	0.17740	0.38294	0.05918	-0.06682	-0.22378	-0.19836	0.00499	-0.58320	-0.79650
0.10606	-0.04639	0.35011	0.20450	0.16188	0.38197	0.05825	-0.06102	-0.22452	-0.17408	0.04276	-0.57176	-0.77149
0.10306	-0.04941	0.33875	0.20591	0.14571	0.38433	0.05734	-0.05309	-0.22322	-0.14682	0.07927	-0.56151	-0.74526
0.10293	-0.05263	0.32782	0.20768	0.12898	0.39001	0.05637	-0.04313	-0.22005	-0.11716	0.11398	-0.55240	-0.71801
0.10527	-0.05625	0.31752	0.20993	0.11185	0.39896	0.05541	-0.03156	-0.21534	-0.08574	0.14643	-0.54422	-0.68989
0.10955	-0.06042	0.30796	0.21266	0.09449	0.41101	0.05461	-0.01893	-0.20959	-0.05316	0.17613	-0.53669	-0.66094
0.11527	-0.06519	0.29915	0.21573	0.07708	0.42598	0.05422	-0.00571	-0.20335	-0.01997	0.20246	-0.52956	-0.63106
0.12204	-0.07042	0.29107	0.21901	0.05977	0.44373	0.05453	0.00777	-0.19705	0.01316	0.22489	-0.52253	-0.60015
0.12950	-0.07590	0.28370	0.22235	0.04271	0.46406	0.05583	0.02122	-0.19098	0.04540	0.24321	-0.51527	-0.56834
0.13730	-0.08139	0.27703	0.22572	0.02603	0.48661	0.05836	0.03427	-0.18538	0.07590	0.25758	-0.50743	-0.53609
0.14506	-0.08682	0.27115	0.22910	0.00978	0.51084	0.06222	0.04638	-0.18042	0.10411	0.26832	-0.49870	-0.50397
0.15250	-0.09223	0.26625	0.23259	-0.00605	0.53615	0.06745	0.05691	-0.17615	0.12973	0.27585	-0.48872	-0.47253
0.15946	-0.09775	0.26261	0.23644	-0.02144	0.56180	0.07416	0.06509	-0.17238	0.15262	0.28087	-0.47702	-0.44208
0.16590	-0.10356	0.26051	0.24093	-0.03633	0.58695	0.08241	0.07018	-0.16889	0.17286	0.28435	-0.46304	-0.41259
0.17184	-0.10976	0.26020	0.24634	-0.05059	0.61058	0.09205	0.07155	-0.16557	0.19079	0.28753	-0.44644	-0.38381
0.17737	-0.11641	0.26179	0.25289	-0.06407	0.63175	0.10265	0.06871	-0.16251	0.20694	0.29169	-0.42720	-0.35541
0.18249	-0.12340	0.26530	0.26078	-0.07671	0.64981	0.11352	0.06137	-0.15983	0.22186	0.29795	-0.40551	-0.32679
0.18711	-0.13051	0.27058	0.27036	-0.08859	0.66461	0.12381	0.04944	-0.15760	0.23585	0.30729	-0.38180	-0.29710
0.19107	-0.13742	0.27717	0.28206	-0.10000	0.67647	0.13270	0.03303	-0.15577	0.24905	0.32066	-0.35663	-0.26545
0.19425	-0.14377	0.28444	0.29626	-0.11137	0.68625	0.13957	0.01243	-0.15422	0.26154	0.33888	-0.33057	-0.23105
0.19658	-0.14920	0.29172	0.31316	-0.12311	0.69547	0.14392	-0.01189	-0.15285	0.27345	0.36245	-0.30425	-0.19329
0.19807	-0.15341	0.29838	0.33274	-0.13560	0.70613	0.14545	-0.03940	-0.15153	0.28504	0.39148	-0.27816	-0.15176
0.19873	-0.15624	0.30396	0.35478	-0.14907	0.72064	0.14406	-0.06942	-0.15007	0.29683	0.42564	-0.25253	-0.10613
0.19846	-0.15769	0.30812	0.37898	-0.16355	0.74169	0.13987	-0.10095	-0.14826	0.30965	0.46416	-0.22739	-0.05592
0.19721	-0.15799	0.31069	0.40489	-0.17875	0.77194	0.13328	-0.13269	-0.14579	0.32445	0.50577	-0.20271	-0.00055
0.19498	-0.15762	0.31178	0.43188	-0.19409	0.81369	0.12488	-0.16321	-0.14218	0.34230	0.54877	-0.17840	0.06045
0.19185	-0.15727	0.31176	0.45922	-0.20876	0.86853	0.11535	-0.19086	-0.13665	0.36419	0.59134	-0.15438	0.12726
0.18790	-0.15779	0.31121	0.48603	-0.22186	0.93697	0.10537	-0.21385	-0.12826	0.39104	0.63163	-0.13058	0.19980
0.18333	-0.16007	0.31083	0.51151	-0.23251	1.01825	0.09553	-0.23046	-0.11593	0.42363	0.66779	-0.10698	0.27779
0.17836	-0.16486	0.31144	0.53487	-0.23986	1.11051	0.08632	-0.23925	-0.09845	0.46238	0.69794	-0.08353	0.36069
0.17316	-0.17273	0.31389	0.55541	-0.24311	1.21086	0.07818	-0.23928	-0.07466	0.50724	0.72031	-0.06017	0.44739
0.16778	-0.18396	0.31896	0.57248	-0.24164	1.31561	0.07143	-0.22998	-0.04367	0.55794	0.73340	-0.03690	0.53632
0.16230	-0.19859	0.32720	0.58558	-0.23515	1.42047	0.06625	-0.21094	-0.00502	0.61407	0.73611	-0.01402	0.62558
0.15689	-0.21639	0.33883	0.59436	-0.22374	1.52093	0.06269	-0.18188	0.04113	0.67499	0.72796	0.00805	0.71297
0.15173	-0.23693	0.35374	0.59866	-0.20783	1.61246	0.06069	-0.14286	0.09419	0.73982	0.70918	0.02903	0.79623
0.14694	-0.25954	0.37167	0.59844	-0.18815	1.69074	0.06007	-0.09449	0.15318	0.80755	0.68059	0.04889	0.87327
0.14263	-0.28342	0.39220	0.59374	-0.16568	1.75178	0.06055	-0.03791	0.21682	0.87709	0.64349	0.06772	0.94234
0.13894	-0.30765	0.41483	0.58465	-0.14163	1.79220	0.06184	0.02537	0.28353	0.94725	0.59944	0.08567	1.00218
0.13603	-0.33131	0.43894	0.57136	-0.11744	1.80953	0.06365	0.09352	0.35151	1.01665	0.55024	0.10284	1.05199
0.13402	-0.35366	0.46381	0.55422	-0.09459	1.80246	0.06577	0.16447	0.41888	1.08372	0.49774	0.11922	1.09132
0.13295	-0.37417	0.48864	0.53373	-0.07451	1.77071	0.06810	0.23602	0.48377	1.14680	0.44368	0.13474	1.11991
0.13280	-0.39251	0.51249	0.51051	-0.05838	1.71506	0.07060	0.30609	0.54441	1.20426	0.38962	0.14921	1.13779
0.13358	-0.40836	0.53434	0.48525	-0.04710	1.63720	0.07320	0.37264	0.59931	1.25440	0.33693	0.16229	1.14539
0.13518	-0.42150	0.55315	0.45867	-0.04118	1.53959	0.07588	0.43370	0.64739	1.29555	0.28694	0.17371	1.14353
0.13730	-0.43178	0.56809	0.43147	-0.04070	1.42544	0.07850	0.48753	0.68786	1.32631	0.24092	0.18346	1.13331
0.13951	-0.43915	0.57865	0.40421	-0.04528	1.29849	0.08090	0.53281	0.72009	1.34579	0.19988	0.19186	1.11603
0.14146	-0.44364	0.58462	0.37737	-0.05422	1.16273	0.08289	0.56863	0.74361	1.35373	0.16415	0.19935	1.09300
0.14288	-0.44532	0.58607	0.35130	-0.06660	1.02228	0.08430	0.59458	0.75821	1.35038	0.13352	0.20633	1.06545
0.14358	-0.44432	0.58321	0.32630	-0.08150	0.88103	0.08494	0.61084	0.76395	1.33637	0.10757	0.21310	1.03443
0.14342	-0.44097	0.57626	0.30261	-0.09807	0.74249	0.08469	0.61802	0.76110	1.31275	0.08599	0.21989	1.00083
0.14232	-0.43576	0.56554	0.28047	-0.11568	0.60971	0.08344	0.61704	0.75015	1.28096	0.06869	0.22691	0.96556
0.14028	-0.42923	0.55143	0.26000	-0.13388	0.48549	0.08120	0.60900	0.73182	1.24275	0.05574	0.23437	0.92953
0.13734	-0.42185	0.53443	0.24121	-0.15223	0.37239	0.07809	0.59518	0.70715	1.19998	0.04726	0.24259	0.89375
0.13363	-0.41400	0.51508	0.22404	-0.17023	0.27266	0.07423	0.57693	0.67740	1.15447	0.04334	0.25205	0.85932
0.12939	-0.40601	0.49389	0.20835	-0.18735	0.18802	0.06981	0.55566	0.64387	1.10796	0.04404	0.26317	0.82716
0.12499	-0.39816	0.47136	0.19400	-0.20309	0.11955	0.06506	0.53263	0.60779	1.06206	0.04935	0.27618	0.79777
0.12082	-0.39070	0.44802	0.18079	-0.21702	0.06777	0.06017	0.50885	0.57029	1.01826	0.05897	0.29101	0.77131
0.11718	-0.38373	0.42441	0.16849	-0.22878	0.03268	0.05523	0.48503	0.53231	0.97777	0.07229	0.30741	0.74780
0.11416	-0.37722	0.40100	0.15690	-0.23803	0.01360	0.05019	0.46160	0.49479	0.94144	0.08852	0.32506	0.72729
0.11175	-0.37094	0.37808	0.14595	-0.24451	0.00926	0.04502	0.43880	0.45861	0.90971	0.10691	0.34365	0.71001
0.10978	-0.36448	0.35578	0.13569	-0.24807	0.01790	0.03965	0.41673	0.42453	0.88254	0.12678	0.36278	0.69634
0.10806	-0.35742	0.33412	0.12631	-0.24881	0.03728	0.03408	0.39538	0.39319	0.85954	0.14758	0.38198	0.68655
0.10640	-0.34945	0.31313	0.11808	-0.24699	0.06489	0.02829	0.37485	0.36513	0.84030	0.16873	0.40073	0.68074
0.10478	-0.34049	0.29290	0.11131	-0.24305	0.09809	0.02226	0.35545	0.34071	0.82447	0.18962	0.41847	0.67885
0.10338	-0.33060	0.27354	0.10631	-0.23748	0.13430	0.01604	0.33761	0.32004	0.81173	0.20966	0.43473	0.68073
0.10244	-0.31995	0.25520	0.10328	-0.23086	0.17112	0.00977	0.32175	0.30319	0.80177	0.22836	0.44923	0.68597
0.10212	-0.30876	0.23801	0.10223	-0.22363	0.20658	0.00357	0.30827	0.29017	0.79425	0.24536	0.46187	0.69381
0.10247	-0.29732	0.22206	0.10297	-0.21613	0.23914	-0.00242	0.29744	0.28096	0.78881	0.26035	0.47259	0.70325
0.10347	-0.28595	0.20742	0.10516	-0.20857	0.26777	-0.00802	0.28934	0.27543	0.78512	0.27302	0.48139	0.71343
0.10509	-0.27493	0.19420	0.10832	-0.20098	0.29196	-0.01304	0.28381	0.27323	0.78280	0.28311	0.48840	0.72381
0.10720	-0.26451	0.18256	0.11196	-0.19319	0.31151	-0.01729	0.28053	0.27389	0.78137	0.29046	0.49388	0.73406
0.10961	-0.25489	0.17268	0.11562	-0.18487	0.32634	-0.02068	0.27903	0.27682	0.78046	0.29493	0.49814	0.74387
0.11203	-0.24623	0.16480	0.11895	-0.17574	0.33640	-0.02329	0.27885	0.28133	0.78004	0.29641	0.50131	0.75305
0.11422	-0.23867	0.15908	0.12176	-0.16567	0.34162	-0.02534	0.27967	0.28669	0.78030	0.29493	0.50347	0.76156
0.11588	-0.23240	0.15552	0.12400	-0.15467	0.34194	-0.02712	0.28128	0.29216	0.78145	0.29068	0.50477	0.76961
0.11670	-0.22765	0.15388	0.12570	-0.14297	0.33735	-0.02890	0.28345	0.29705	0.78367	0.28409	0.50540	0.77755
0.11638	-0.22461	0.15380	0.12690	-0.13095	0.32786	-0.03080	0.28589	0.30069	0.78707	0.27570	0.50550	0.78554
0.11474	-0.22324	0.15487	0.12749	-0.11914	0.31353	-0.03270	0.28819	0.30252	0.79175	0.26597	0.50533	0.79344
0.11176	-0.22322	0.15668	0.12719	-0.10810	0.29462	-0.03443	0.28997	0.30224	0.79762	0.25517	0.50529	0.80109
0.10744	-0.22409	0.15874	0.12573	-0.09834	0.27171	-0.03584	0.29084	0.29988	0.80420	0.24361	0.50586	0.80838
0.10192	-0.22544	0.16054	0.12301	-0.09029	0.24564	-0.03677	0.29040	0.29576	0.81079	0.23173	0.50761	0.81535
0.09547	-0.22696	0.16177	0.11910	-0.08420	0.21760	-0.03705	0.28842	0.29033	0.81669	0.21998	0.51092	0.82200
0.08849	-0.22836	0.16239	0.11415	-0.08019	0.18893	-0.03656	0.28484	0.28405	0.82130	0.20876	0.51574	0.82827
0.08135	-0.22927	0.16250	0.10831	-0.07823	0.16095	-0.03528	0.27979	0.27739	0.82420	0.19843	0.52160	0.83407
0.07442	-0.22929	0.16229	0.10175	-0.07821	0.13484	-0.03334	0.27364	0.27085	0.82512	0.18945	0.52786	0.83937
0.06802	-0.22805	0.16198	0.09478	-0.08003	0.11150	-0.03087	0.26695	0.26478	0.82391	0.18230	0.53383	0.84431
0.06250	-0.22520	0.16176	0.08787	-0.08360	0.09152	-0.02801	0.26040	0.25937	0.82055	0.17741	0.53896	0.84903
0.05814	-0.22047	0.16189	0.08155	-0.08876	0.07532	-0.02492	0.25456	0.25458	0.81518	0.17496	0.54289	0.85357
0.05510	-0.21379	0.16262	0.07626	-0.09519	0.06307	-0.02180	0.24985	0.25023	0.80805	0.17487	0.54547	0.85787
0.05340	-0.20536	0.16408	0.07230	-0.10249	0.05474	-0.01880	0.24653	0.24616	0.79964	0.17690	0.54672	0.86196
0.05293	-0.19559	0.16631	0.06984	-0.11025	0.05010	-0.01597	0.24471	0.24223	0.79068	0.18087	0.54670	0.86609
0.05346	-0.18505	0.16929	0.06890	-0.11806	0.04895	-0.01328	0.24431	0.23829	0.78190	0.18670	0.54564	0.87054
0.05463	-0.17431	0.17302	0.06936	-0.12543	0.05117	-0.01061	0.24503	0.23416	0.77392	0.19434	0.54397	0.87556
0.05609	-0.16385	0.17752	0.07091	-0.13180	0.05666	-0.00795	0.24652	0.22979	0.76722	0.20362	0.54219	0.88127
0.05757	-0.15397	0.18270	0.07318	-0.13664	0.06520	-0.00536	0.24848	0.22530	0.76215	0.21438	0.54076	0.88768
0.05895	-0.14474	0.18833	0.07590	-0.13960	0.07634	-0.00278	0.25084	0.22101	0.75890	0.22651	0.54002	0.89459
0.06006	-0.13617	0.19408	0.07893	-0.14051	0.08958	-0.00009	0.25367	0.21735	0.75755	0.23989	0.54041	0.90171
0.06068	-0.12834	0.19970	0.08219	-0.13929	0.10449	0.00283	0.25712	0.21479	0.75808	0.25424	0.54242	0.90871
0.06060	-0.12154	0.20500	0.08556	-0.13595	0.12054	0.00613	0.26130	0.21369	0.76037	0.26913	0.54659	0.91524
0.05970	-0.11611	0.20983	0.08895	-0.13057	0.13720	0.00981	0.26634	0.21425	0.76415	0.28394	0.55341	0.92114
0.05797	-0.11232	0.21399	0.09228	-0.12329	0.15399	0.01365	0.27229	0.21642	0.76896	0.29803	0.56315	0.92655
0.05554	-0.11029	0.21726	0.09547	-0.11444	0.17048	0.01724	0.27907	0.21992	0.77423	0.31085	0.57589	0.93174
0.05261	-0.11007	0.21947	0.09845	-0.10438	0.18631	0.02012	0.28641	0.22435	0.77944	0.32191	0.59153	0.93693
0.04943	-0.11164	0.22046	0.10119	-0.09350	0.20117	0.02187	0.29401	0.22918	0.78422	0.33074	0.60970	0.94228
0.04634	-0.11488	0.22017	0.10369	-0.08222	0.21474	0.02217	0.30158	0.23386	0.78828	0.33689	0.62981	0.94801
0.04358	-0.11945	0.21860	0.10596	-0.07105	0.22662	0.02084	0.30889	0.23795	0.79151	0.34007	0.65123	0.95453
0.04130	-0.12494	0.21591	0.10797	-0.06041	0.23647	0.01786	0.31582	0.24108	0.79396	0.34023	0.67328	0.96232
0.03948	-0.13096	0.21232	0.10963	-0.05068	0.24394	0.01343	0.32222	0.24302	0.79592	0.33753	0.69526	0.97175
0.03796	-0.13725	0.20810	0.11069	-0.04208	0.24870	0.00781	0.32782	0.24379	0.79799	0.33201	0.71650	0.98313
0.03649	-0.14360	0.20349	0.11084	-0.03475	0.25066	0.00126	0.33224	0.24362	0.80078	0.32356	0.73635	0.99677
0.03484	-0.14989	0.19864	0.10983	-0.02870	0.24995	-0.00601	0.33512	0.24287	0.80471	0.31210	0.75423	1.01288
0.03283	-0.15604	0.19358	0.10753	-0.02390	0.24688	-0.01374	0.33630	0.24188	0.80992	0.29782	0.76960	1.03151
0.03046	-0.16200	0.18831	0.10396	-0.02028	0.24171	-0.02161	0.33589	0.24098	0.81633	0.28117	0.78190	1.05256
0.02779	-0.16767	0.18294	0.09925	-0.01779	0.23463	-0.02913	0.33420	0.24047	0.82361	0.26284	0.79069	1.07560
0.02493	-0.17295	0.17766	0.09359	-0.01634	0.22586	-0.03587	0.33167	0.24069	0.83140	0.24359	0.79574	1.10005
0.02195	-0.17774	0.17270	0.08724	-0.01581	0.21580	-0.04155	0.32877	0.24189	0.83937	0.22428	0.79719	1.12527
0.01901	-0.18187	0.16830	0.08055	-0.01612	0.20503	-0.04590	0.32606	0.24427	0.84734	0.20595	0.79563	1.15063
0.01633	-0.18502	0.16468	0.07387	-0.01724	0.19434	-0.04864	0.32410	0.24797	0.85522	0.18973	0.79205	1.17548
0.01408	-0.18671	0.16211	0.06745	-0.01903	0.18462	-0.04962	0.32341	0.25305	0.86297	0.17659	0.78752	1.19925
0.01228	-0.18648	0.16083	0.06142	-0.02128	0.17673	-0.04884	0.32429	0.25947	0.87068	0.16713	0.78303	1.22158
0.01092	-0.18413	0.16099	0.05590	-0.02366	0.17126	-0.04642	0.32674	0.26700	0.87864	0.16161	0.77947	1.24240
0.00995	-0.17966	0.16261	0.05103	-0.02591	0.16857	-0.04257	0.33042	0.27532	0.88719	0.16009	0.77756	1.26185
0.00941	-0.17320	0.16562	0.04687	-0.02781	0.16881	-0.03753	0.33466	0.28406	0.89658	0.16250	0.77777	1.28013
0.00929	-0.16499	0.16986	0.04335	-0.02926	0.17200	-0.03155	0.33851	0.29293	0.90698	0.16858	0.78038	1.29755
0.00954	-0.15535	0.17520	0.04028	-0.03021	0.17805	-0.02499	0.34106	0.30164	0.91849	0.17781	0.78550	1.31454
0.01011	-0.14463	0.18146	0.03751	-0.03068	0.18681	-0.01821	0.34168	0.30989	0.93111	0.18949	0.79293	1.33173
0.01102	-0.13322	0.18846	0.03505	-0.03077	0.19813	-0.01156	0.34018	0.31735	0.94480	0.20279	0.80214	1.34973
0.01243	-0.12148	0.19600	0.03306	-0.03060	0.21196	-0.00535	0.33682	0.32365	0.95941	0.21696	0.81242	1.36904
0.01449	-0.10978	0.20391	0.03178	-0.03028	0.22815	0.00010	0.33215	0.32845	0.97467	0.23138	0.82299	1.38987
0.01731	-0.09843	0.21202	0.03140	-0.02991	0.24630	0.00448	0.32675	0.33160	0.99026	0.24558	0.83314	1.41216
0.02074	-0.08765	0.22017	0.03203	-0.02979	0.26566	0.00746	0.32117	0.33320	1.00578	0.25916	0.84226	1.43577
0.02441	-0.07760	0.22807	0.03373	-0.03029	0.28523	0.00878	0.31596	0.33365	1.02070	0.27197	0.84995	1.46063
0.02776	-0.06850	0.23534	0.03653	-0.03176	0.30388	0.00834	0.31158	0.33355	1.03449	0.28400	0.85617	1.48662
0.03022	-0.06064	0.24156	0.04032	-0.03439	0.32042	0.00614	0.30838	0.33350	1.04680	0.29521	0.86113	1.51346
0.03146	-0.05425	0.24632	0.04493	-0.03807	0.33363	0.00237	0.30661	0.33401	1.05755	0.30549	0.86524	1.54056
0.03128	-0.04949	0.24931	0.05012	-0.04249	0.34235	-0.00261	0.30650	0.33551	1.06692	0.31461	0.86900	1.56717
0.02957	-0.04638	0.25030	0.05568	-0.04717	0.34577	-0.00841	0.30816	0.33843	1.07523	0.32240	0.87303	1.59281
0.02621	-0.04495	0.24920	0.06151	-0.05157	0.34355	-0.01458	0.31149	0.34298	1.08269	0.32882	0.87799	1.61724
0.02122	-0.04531	0.24606	0.06763	-0.05518	0.33577	-0.02055	0.31614	0.34911	1.08935	0.33403	0.88448	1.64031
0.01489	-0.04761	0.24115	0.07412	-0.05760	0.32285	-0.02568	0.32164	0.35652	1.09524	0.33823	0.89304	1.66194
0.00779	-0.05197	0.23481	0.08106	-0.05864	0.30548	-0.02943	0.32757	0.36485	1.10043	0.34172	0.90401	1.68220
0.00062	-0.05836	0.22734	0.08851	-0.05831	0.28439	-0.03156	0.33375	0.37378	1.10519	0.34500	0.91754	1.70141
-0.00592	-0.06655	0.21901	0.09661	-0.05675	0.26038	-0.03204	0.34022	0.38306	1.11013	0.34877	0.93383	1.72000
-0.01116	-0.07611	0.21002	0.10545	-0.05418	0.23421	-0.03101	0.34715	0.39242	1.11604	0.35364	0.95297	1.73834
-0.01465	-0.08649	0.20050	0.11510	-0.05087	0.20667	-0.02871	0.35458	0.40153	1.12365	0.35996	0.97473	1.75656
-0.01625	-0.09711	0.19055	0.12546	-0.04710	0.17863	-0.02543	0.36229	0.41002	1.13350	0.36781	0.99859	1.77469
-0.01618	-0.10743	0.18030	0.13624	-0.04313	0.15104	-0.02150	0.36983	0.41756	1.14573	0.37727	1.02378	1.79272
-0.01483	-0.11700	0.16980	0.14700	-0.03928	0.12490	-0.01724	0.37666	0.42394	1.16020	0.38854	1.04943	1.81072
-0.01259	-0.12546	0.15907	0.15714	-0.03586	0.10113	-0.01291	0.38246	0.42913	1.17668	0.40171	1.07466	1.82886
-0.00980	-0.13253	0.14821	0.16599	-0.03316	0.08066	-0.00881	0.38714	0.43324	1.19485	0.41663	1.09865	1.84734
-0.00677	-0.13814	0.13742	0.17292	-0.03132	0.06430	-0.00520	0.39094	0.43651	1.21438	0.43283	1.12066	1.86632
-0.00380	-0.14240	0.12708	0.17749	-0.03044	0.05255	-0.00229	0.39421	0.43931	1.23497	0.44962	1.14013	1.88603
-0.00115	-0.14545	0.11765	0.17957	-0.03068	0.04568	-0.00021	0.39731	0.44211	1.25628	0.46632	1.15657	1.90680
0.00099	-0.14730	0.10957	0.17926	-0.03215	0.04381	0.00094	0.40053	0.44542	1.27783	0.48238	1.16966	1.92882
0.00244	-0.14796	0.10326	0.17671	-0.03491	0.04703	0.00118	0.40402	0.44960	1.29918	0.49736	1.17940	1.95222
0.00307	-0.14748	0.09910	0.17197	-0.03883	0.05527	0.00055	0.40783	0.45473	1.32004	0.51082	1.18622	1.97709
0.00287	-0.14597	0.09738	0.16508	-0.04363	0.06797	-0.00079	0.41201	0.46069	1.34014	0.52240	1.19095	2.00355
0.00193	-0.14351	0.09822	0.15615	-0.04893	0.08409	-0.00257	0.41657	0.46739	1.35919	0.53197	1.19476	2.03162
0.00042	-0.14021	0.10153	0.14537	-0.05431	0.10236	-0.00458	0.42143	0.47485	1.37696	0.53964	1.19887	2.06120
-0.00153	-0.13623	0.10701	0.13304	-0.05936	0.12146	-0.00661	0.42631	0.48329	1.39343	0.54580	1.20428	2.09190
-0.00376	-0.13179	0.11435	0.11954	-0.06370	0.14012	-0.00841	0.43082	0.49292	1.40888	0.55086	1.21174	2.12311
-0.00609	-0.12705	0.12329	0.10534	-0.06702	0.15718	-0.00982	0.43452	0.50393	1.42374	0.55521	1.22167	2.15407
-0.00831	-0.12217	0.13357	0.09093	-0.06911	0.17173	-0.01066	0.43710	0.51642	1.43835	0.55923	1.23426	2.18411
-0.01027	-0.11736	0.14476	0.07668	-0.06998	0.18313	-0.01081	0.43836	0.53042	1.45312	0.56314	1.24965	2.21271
-0.01188	-0.11288	0.15641	0.06279	-0.06982	0.19104	-0.01011	0.43831	0.54573	1.46845	0.56677	1.26785	2.23949
-0.01307	-0.10906	0.16797	0.04923	-0.06895	0.19519	-0.00843	0.43716	0.56189	1.48469	0.56967	1.28865	2.26416
-0.01379	-0.10613	0.17887	0.03596	-0.06783	0.19523	-0.00573	0.43522	0.57824	1.50203	0.57126	1.31157	2.28675
-0.01404	-0.10424	0.18855	0.02303	-0.06685	0.19089	-0.00217	0.43302	0.59394	1.52053	0.57123	1.33609	2.30763
-0.01394	-0.10351	0.19652	0.01066	-0.06626	0.18212	0.00192	0.43125	0.60826	1.54005	0.56968	1.36179	2.32739
-0.01362	-0.10402	0.20237	-0.00078	-0.06620	0.16918	0.00623	0.43060	0.62079	1.56030	0.56694	1.38838	2.34658
-0.01327	-0.10572	0.20591	-0.01095	-0.06680	0.15281	0.01043	0.43164	0.63163	1.58086	0.56333	1.41556	2.36580
-0.01317	-0.10851	0.20711	-0.01953	-0.06827	0.13414	0.01426	0.43466	0.64123	1.60120	0.55922	1.44298	2.38572
-0.01365	-0.11221	0.20608	-0.02635	-0.07078	0.11450	0.01742	0.43961	0.65008	1.62080	0.55505	1.47023	2.40715
-0.01507	-0.11658	0.20299	-0.03133	-0.07449	0.09505	0.01961	0.44606	0.65853	1.63929	0.55134	1.49687	2.43084
-0.01764	-0.12132	0.19802	-0.03447	-0.07940	0.07655	0.02065	0.45346	0.66673	1.65634	0.54860	1.52240	2.45720
-0.02142	-0.12601	0.19134	-0.03569	-0.08532	0.05938	0.02059	0.46130	0.67470	1.67179	0.54723	1.54651	2.48629
-0.02636	-0.13009	0.18319	-0.03490	-0.09188	0.04374	0.01958	0.46936	0.68234	1.68562	0.54749	1.56913	2.51807
-0.03228	-0.13310	0.17378	-0.03198	-0.09865	0.02992	0.01785	0.47766	0.68948	1.69800	0.54958	1.59020	2.55243
-0.03877	-0.13477	0.16327	-0.02690	-0.10523	0.01820	0.01565	0.48637	0.69586	1.70916	0.55382	1.60961	2.58925
-0.04533	-0.13513	0.15182	-0.01973	-0.11136	0.00893	0.01315	0.49559	0.70124	1.71948	0.56060	1.62715	2.62822
-0.05145	-0.13458	0.13962	-0.01077	-0.11689	0.00255	0.01045	0.50525	0.70543	1.72938	0.57028	1.64254	2.66877
-0.05683	-0.13369	0.12689	-0.00058	-0.12176	-0.00049	0.00763	0.51498	0.70843	1.73935	0.58300	1.65562	2.71016
-0.06140	-0.13310	0.11395	0.01004	-0.12594	0.00020	0.00475	0.52434	0.71047	1.74986	0.59864	1.66652	2.75168
-0.06521	-0.13327	0.10126	0.02033	-0.12942	0.00476	0.00197	0.53296	0.71191	1.76132	0.61683	1.67565	2.79277
-0.06838	-0.13446	0.08925	0.02965	-0.13232	0.01303	-0.00054	0.54059	0.71318	1.77404	0.63705	1.68363	2.83303
-0.07114	-0.13682	0.07824	0.03753	-0.13492	0.02454	-0.00268	0.54711	0.71465	1.78832	0.65871	1.69123	2.87198
-0.07389	-0.14041	0.06850	0.04362	-0.13750	0.03860	-0.00438	0.55250	0.71665	1.80438	0.68121	1.69924	2.90918
-0.07698	-0.14513	0.06020	0.04761	-0.14032	0.05443	-0.00557	0.55679	0.71956	1.82226	0.70392	1.70837	2.94435
-0.08065	-0.15063	0.05347	0.04923	-0.14347	0.07126	-0.00622	0.56009	0.72382	1.84198	0.72616	1.71927	2.97760
-0.08483	-0.15630	0.04842	0.04833	-0.14680	0.08842	-0.00634	0.56254	0.72976	1.86349	0.74730	1.73258	3.00930
-0.08922	-0.16150	0.04508	0.04491	-0.15000	0.10539	-0.00597	0.56427	0.73752	1.88671	0.76667	1.74876	3.03982
-0.09331	-0.16562	0.04340	0.03909	-0.15278	0.12176	-0.00527	0.56537	0.74707	1.91160	0.78359	1.76806	3.06963
-0.09656	-0.16823	0.04325	0.03117	-0.15503	0.13723	-0.00451	0.56604	0.75843	1.93801	0.79751	1.79029	3.09944
-0.09852	-0.16906	0.04436	0.02164	-0.15678	0.15167	-0.00407	0.56664	0.77169	1.96555	0.80834	1.81498	3.13022
-0.09888	-0.16817	0.04642	0.01113	-0.15816	0.16517	-0.00433	0.56748	0.78689	1.99369	0.81639	1.84158	3.16310
-0.09750	-0.16596	0.04922	0.00024	-0.15926	0.17781	-0.00564	0.56875	0.80381	2.02193	0.82208	1.86955	3.19925
-0.09429	-0.16313	0.05270	-0.01053	-0.16013	0.18953	-0.00810	0.57043	0.82191	2.04989	0.82563	1.89849	3.23957
-0.08933	-0.16052	0.05684	-0.02085	-0.16081	0.20010	-0.01165	0.57242	0.84052	2.07734	0.82699	1.92813	3.28469
-0.08288	-0.15886	0.06165	-0.03050	-0.16140	0.20938	-0.01613	0.57463	0.85917	2.10414	0.82607	1.95825	3.33500
-0.07533	-0.15869	0.06704	-0.03912	-0.16205	0.21731	-0.02120	0.57697	0.87765	2.13036	0.82307	1.98858	3.39056
-0.06723	-0.16025	0.07298	-0.04617	-0.16294	0.22373	-0.02621	0.57919	0.89594	2.15639	0.81851	2.01892	3.45093
-0.05927	-0.16357	0.07953	-0.05109	-0.16418	0.22840	-0.03038	0.58097	0.91418	2.18290	0.81310	2.04918	3.51516
-0.05221	-0.16849	0.08671	-0.05344	-0.16581	0.23099	-0.03291	0.58195	0.93262	2.21070	0.80763	2.07940	3.58209
-0.04671	-0.17479	0.09443	-0.05295	-0.16781	0.23123	-0.03328	0.58191	0.95157	2.24054	0.80298	2.10982	3.65067
-0.04312	-0.18224	0.10241	-0.04956	-0.17025	0.22906	-0.03126	0.58097	0.97127	2.27297	0.80002	2.14078	3.72004
-0.04142	-0.19057	0.11035	-0.04338	-0.17322	0.22471	-0.02694	0.57946	0.99167	2.30830	0.79950	2.17247	3.78961
-0.04131	-0.19949	0.11800	-0.03465	-0.17684	0.21855	-0.02067	0.57774	1.01258	2.34675	0.80186	2.20503	3.85890
-0.04240	-0.20868	0.12518	-0.02380	-0.18113	0.21114	-0.01312	0.57621	1.03369	2.38849	0.80735	2.23854	3.92746
-0.04420	-0.21794	0.13165	-0.01135	-0.18603	0.20305	-0.00517	0.57528	1.05463	2.43345	0.81606	2.27314	3.99476
-0.04621	-0.22718	0.13713	0.00219	-0.19157	0.19473	0.00226	0.57539	1.07512	2.48137	0.82806	2.30888	4.06022
-0.04809	-0.23626	0.14130	0.01631	-0.19800	0.18653	0.00827	0.57698	1.09498	2.53174	0.84326	2.34560	4.12318
-0.04979	-0.24505	0.14384	0.03049	-0.20564	0.17865	0.01206	0.58040	1.11413	2.58386	0.86141	2.38291	4.18303
-0.05151	-0.25343	0.14445	0.04406	-0.21489	0.17112	0.01300	0.58599	1.13253	2.63693	0.88201	2.42032	4.23935
-0.05361	-0.26136	0.14296	0.05623	-0.22614	0.16379	0.01066	0.59411	1.15023	2.69018	0.90428	2.45731	4.29208
-0.05638	-0.26889	0.13926	0.06619	-0.23972	0.15654	0.00490	0.60531	1.16733	2.74269	0.92728	2.49329	4.34145
-0.06008	-0.27605	0.13335	0.07337	-0.25580	0.14940	-0.00408	0.62025	1.18403	2.79351	0.95021	2.52765	4.38780
-0.06493	-0.28291	0.12533	0.07746	-0.27431	0.14257	-0.01588	0.63968	1.20058	2.84169	0.97245	2.55979	4.43155
-0.07106	-0.28958	0.11547	0.07844	-0.29500	0.13628	-0.02998	0.66421	1.21707	2.88651	0.99362	2.58914	4.47317
-0.07842	-0.29629	0.10395	0.07653	-0.31754	0.13057	-0.04582	0.69425	1.23332	2.92745	1.01352	2.61517	4.51315
-0.08680	-0.30335	0.09088	0.07210	-0.34151	0.12520	-0.06285	0.73004	1.24891	2.96410	1.03216	2.63751	4.55187
-0.09590	-0.31131	0.07612	0.06549	-0.36650	0.11964	-0.08055	0.77160	1.26334	2.99606	1.04970	2.65595	4.58944
-0.10535	-0.32087	0.05946	0.05700	-0.39212	0.11301	-0.09839	0.81858	1.27623	3.02301	1.06634	2.67051	4.62558
-0.11484	-0.33268	0.04073	0.04692	-0.41809	0.10427	-0.11586	0.87033	1.28745	3.04481	1.08219	2.68138	4.65970
-0.12417	-0.34713	0.01988	0.03560	-0.44430	0.09249	-0.13244	0.92579	1.29710	3.06141	1.09716	2.68880	4.69113
-0.13332	-0.36432	-0.00310	0.02338	-0.47086	0.07696	-0.14767	0.98345	1.30544	3.07281	1.11114	2.69292	4.71915
-0.14245	-0.38415	-0.02818	0.01051	-0.49813	0.05714	-0.16112	1.04121	1.31278	3.07903	1.12401	2.69394	4.74284
-0.15175	-0.40637	-0.05532	-0.00297	-0.52651	0.03245	-0.17239	1.09653	1.31932	3.08020	1.13565	2.69208	4.76091
-0.16132	-0.43055	-0.08438	-0.01714	-0.55633	0.00215	-0.18110	1.14675	1.32515	3.07656	1.14570	2.68752	4.77180
-0.17126	-0.45608	-0.11509	-0.03219	-0.58777	-0.03467	-0.18700	1.18938	1.33024	3.06843	1.15372	2.68046	4.77402
-0.18161	-0.48218	-0.14718	-0.04820	-0.62092	-0.07898	-0.18997	1.22246	1.33447	3.05606	1.15945	2.67102	4.76635
-0.19233	-0.50806	-0.18045	-0.06503	-0.65580	-0.13162	-0.18993	1.24460	1.33756	3.03957	1.16288	2.65920	4.74776
-0.20322	-0.53288	-0.21474	-0.08233	-0.69251	-0.19310	-0.18691	1.25499	1.33921	3.01914	1.16400	2.64491	4.71748
-0.21399	-0.55581	-0.24991	-0.09957	-0.73126	-0.26328	-0.18106	1.25345	1.33927	2.99503	1.16277	2.62788	4.67521
-0.22435	-0.57600	-0.28577	-0.11624	-0.77231	-0.34128	-0.17272	1.24038	1.33786	2.96743	1.15915	2.60763	4.62123
-0.23405	-0.59277	-0.32207	-0.13194	-0.81597	-0.42550	-0.16236	1.21668	1.33527	2.93656	1.15313	2.58363	4.55643
-0.24286	-0.60569	-0.35849	-0.14652	-0.86249	-0.51384	-0.15057	1.18364	1.33177	2.90255	1.14473	2.55530	4.48200
-0.25058	-0.61471	-0.39465	-0.16011	-0.91203	-0.60414	-0.13798	1.14280	1.32751	2.86549	1.13398	2.52216	4.39916
-0.25719	-0.62016	-0.43015	-0.17305	-0.96457	-0.69431	-0.12530	1.09588	1.32261	2.82552	1.12092	2.48389	4.30910
-0.26286	-0.62273	-0.46466	-0.18581	-1.01998	-0.78238	-0.11330	1.04464	1.31731	2.78271	1.10557	2.44042	4.21312
-0.26786	-0.62333	-0.49796	-0.19883	-1.07791	-0.86663	-0.10269	0.99086	1.31203	2.73701	1.08799	2.39180	4.11265
-0.27251	-0.62290	-0.52988	-0.21237	-1.13782	-0.94564	-0.09400	0.93617	1.30728	2.68839	1.06818	2.33834	4.00908
-0.27713	-0.62229	-0.56019	-0.22659	-1.19891	-1.01820	-0.08759	0.88200	1.30354	2.63692	1.04618	2.28051	3.90375
-0.28201	-0.62227	-0.58852	-0.24164	-1.26008	-1.08329	-0.08361	0.82947	1.30106	2.58289	1.02212	2.21890	3.79781
-0.28733	-0.62349	-0.61428	-0.25771	-1.31994	-1.14014	-0.08198	0.77937	1.29988	2.52675	0.99613	2.15433	3.69233
-0.29310	-0.62642	-0.63679	-0.27496	-1.37692	-1.18829	-0.08250	0.73224	1.29970	2.46887	0.96833	2.08775	3.58822
-0.29906	-0.63125	-0.65545	-0.29343	-1.42939	-1.22763	-0.08484	0.68860	1.29996	2.40930	0.93883	2.02006	3.48615
-0.30482	-0.63782	-0.66982	-0.31291	-1.47581	-1.25844	-0.08862	0.64884	1.29982	2.34801	0.90772	1.95204	3.38641
-0.30995	-0.64576	-0.67959	-0.33299	-1.51471	-1.28125	-0.09348	0.61331	1.29829	2.28522	0.87506	1.88447	3.28873
-0.31403	-0.65461	-0.68459	-0.35313	-1.54477	-1.29674	-0.09902	0.58228	1.29423	2.22144	0.84100	1.81817	3.19235
-0.31654	-0.66388	-0.68473	-0.37262	-1.56497	-1.30572	-0.10490	0.55599	1.28668	2.15746	0.80583	1.75396	3.09633
-0.31700	-0.67295	-0.67995	-0.39059	-1.57475	-1.30884	-0.11085	0.53466	1.27496	2.09413	0.77021	1.69250	2.99981
-0.31504	-0.68116	-0.67025	-0.40606	-1.57397	-1.30652	-0.11655	0.51848	1.25868	2.03217	0.73523	1.63421	2.90202
-0.31051	-0.68789	-0.65566	-0.41816	-1.56285	-1.29904	-0.12153	0.50743	1.23772	1.97215	0.70222	1.57933	2.80228
-0.30354	-0.69274	-0.63624	-0.42635	-1.54197	-1.28679	-0.12531	0.50124	1.21222	1.91444	0.67232	1.52786	2.70011
-0.29443	-0.69545	-0.61214	-0.43044	-1.51227	-1.27046	-0.12739	0.49945	1.18254	1.85913	0.64632	1.47959	2.59518
-0.28365	-0.69585	-0.58369	-0.43049	-1.47492	-1.25091	-0.12735	0.50153	1.14928	1.80594	0.62477	1.43409	2.48742
-0.27175	-0.69376	-0.55142	-0.42676	-1.43120	-1.22899	-0.12492	0.50674	1.11322	1.75428	0.60806	1.39074	2.37713
-0.25929	-0.68893	-0.51604	-0.41971	-1.38242	-1.20549	-0.11991	0.51408	1.07515	1.70336	0.59642	1.34866	2.26493
-0.24682	-0.68111	-0.47843	-0.40994	-1.32985	-1.18122	-0.11222	0.52228	1.03581	1.65241	0.58967	1.30693	2.15179
-0.23492	-0.67009	-0.43957	-0.39820	-1.27461	-1.15688	-0.10199	0.53004	0.99591	1.60087	0.58719	1.26476	2.03899
-0.22408	-0.65583	-0.40067	-0.38531	-1.21761	-1.13288	-0.08963	0.53626	0.95612	1.54842	0.58807	1.22162	1.92806
-0.21471	-0.63848	-0.36311	-0.37205	-1.15972	-1.10933	-0.07575	0.54019	0.91690	1.49494	0.59123	1.17721	1.82046
-0.20708	-0.61835	-0.32832	-0.35909	-1.10179	-1.08604	-0.06108	0.54151	0.87835	1.44047	0.59548	1.13137	1.71734
-0.20134	-0.59582	-0.29764	-0.34693	-1.04462	-1.06258	-0.04633	0.54026	0.84019	1.38521	0.59966	1.08404	1.61940
-0.19751	-0.57130	-0.27226	-0.33597	-0.98890	-1.03842	-0.03216	0.53676	0.80202	1.32958	0.60276	1.03544	1.52687
-0.19545	-0.54524	-0.25313	-0.32653	-0.93513	-1.01307	-0.01910	0.53153	0.76370	1.27404	0.60418	0.98619	1.43949
-0.19489	-0.51812	-0.24096	-0.31881	-0.88353	-0.98617	-0.00748	0.52512	0.72542	1.21882	0.60369	0.93719	1.35648
-0.19553	-0.49036	-0.23613	-0.31291	-0.83407	-0.95757	0.00251	0.51790	0.68774	1.16388	0.60134	0.88934	1.27667
